time	V(v_i)	V(v_l)
0.000000000000000e+00	0.000000e+00	2.304607e-13
9.142857119773651e-06	5.770565e-04	5.614483e-04
1.828571423954730e-05	1.148129e-03	1.117050e-03
2.742857135932096e-05	1.713218e-03	1.666804e-03
3.657142847909460e-05	2.272323e-03	2.210712e-03
4.571428559886825e-05	2.825445e-03	2.748772e-03
5.485714271864191e-05	3.372583e-03	3.280986e-03
6.399999983841553e-05	3.913736e-03	3.807353e-03
1.128281248384155e-04	6.510144e-03	6.332358e-03
1.616562498384155e-04	8.498582e-03	8.265185e-03
2.104843748384156e-04	9.693355e-03	9.425228e-03
2.500584686039075e-04	1.000000e-02	9.721289e-03
2.650952055103814e-04	9.955055e-03	9.676640e-03
2.895655890607592e-04	9.692583e-03	9.419736e-03
3.291701122017109e-04	8.788068e-03	8.537229e-03
3.779982372017109e-04	6.936613e-03	6.733117e-03
4.268263622017108e-04	4.437362e-03	4.299386e-03
4.756544872017108e-04	1.523715e-03	1.463415e-03
5.244826122017108e-04	-1.532228e-03	-1.509890e-03
5.733107372017109e-04	-4.445080e-03	-4.342858e-03
6.221388622017109e-04	-6.942815e-03	-6.770985e-03
6.709669872017109e-04	-8.792175e-03	-8.567614e-03
7.197951122017110e-04	-9.820452e-03	-9.565067e-03
7.536596826514751e-04	-9.997357e-03	-9.735091e-03
7.709589264463527e-04	-9.913416e-03	-9.652388e-03
7.990897789692206e-04	-9.528083e-03	-9.275907e-03
8.444470584728163e-04	-8.290284e-03	-8.069411e-03
8.932751834728164e-04	-6.214341e-03	-6.047842e-03
9.421033084728164e-04	-3.558053e-03	-3.462264e-03
9.909314334728165e-04	-5.694866e-04	-5.540505e-04
1.039759558472817e-03	2.472263e-03	2.405248e-03
1.088587683472817e-03	5.283134e-03	5.139247e-03
1.137415808472817e-03	7.600623e-03	7.392545e-03
1.186243933472817e-03	9.208306e-03	8.954608e-03
1.235072058472817e-03	9.956045e-03	9.679463e-03
1.259437814102928e-03	9.982423e-03	9.703663e-03
1.280364292821757e-03	9.818558e-03	9.542927e-03
1.314327212623211e-03	9.194253e-03	8.933381e-03
1.363155337623211e-03	7.577254e-03	7.357255e-03
1.411983462623211e-03	5.252630e-03	5.093194e-03
1.460811587623211e-03	2.437475e-03	2.352738e-03
1.509639712623211e-03	-6.053108e-04	-6.081125e-04
1.558467837623211e-03	-3.591568e-03	-3.512830e-03
1.607295962623211e-03	-6.242416e-03	-6.090192e-03
1.656124087623211e-03	-8.310298e-03	-8.099597e-03
1.704952212623211e-03	-9.602099e-03	-9.353498e-03
1.747880155453802e-03	-9.999113e-03	-9.737109e-03
1.764212053682531e-03	-9.960157e-03	-9.698216e-03
1.788129887611516e-03	-9.714384e-03	-9.457719e-03
1.826859075065737e-03	-8.856429e-03	-8.620983e-03
1.875687200065737e-03	-7.040470e-03	-6.852148e-03
1.924515325065737e-03	-4.567018e-03	-4.444226e-03
1.973343450065737e-03	-1.667061e-03	-1.621988e-03
2.022171575065737e-03	1.388580e-03	1.351063e-03
2.070999700065737e-03	4.314544e-03	4.197282e-03
2.119827825065737e-03	6.837581e-03	6.650807e-03
2.168655950065736e-03	8.722072e-03	8.482408e-03
2.217484075065736e-03	9.792025e-03	9.520934e-03
2.252772602536026e-03	9.998483e-03	9.719741e-03
2.269514591973788e-03	9.924923e-03	9.647139e-03
2.296745271593426e-03	9.571766e-03	9.301825e-03
2.340695728748474e-03	8.419775e-03	8.178304e-03
2.389523853748474e-03	6.397263e-03	6.207884e-03
2.438351978748474e-03	3.777323e-03	3.656930e-03
2.487180103748474e-03	8.046271e-04	7.637599e-04
2.536008228748473e-03	-2.243211e-03	-2.201390e-03
2.584836353748473e-03	-5.081561e-03	-4.961626e-03
2.633664478748473e-03	-7.445354e-03	-7.259248e-03
2.682492603748473e-03	-9.113842e-03	-8.879792e-03
2.731320728748473e-03	-9.931206e-03	-9.672018e-03
2.758030335190793e-03	-9.987273e-03	-9.724925e-03
2.778073803006083e-03	-9.844830e-03	-9.585158e-03
2.810621763036985e-03	-9.283313e-03	-9.037069e-03
2.859449888036985e-03	-7.727119e-03	-7.520779e-03
2.908278013036985e-03	-5.449305e-03	-5.302991e-03
2.957106138036985e-03	-2.662592e-03	-2.590716e-03
3.005934263036985e-03	3.727743e-04	3.628290e-04
3.054762388036984e-03	3.373328e-03	3.281842e-03
3.103590513036984e-03	6.058855e-03	5.893682e-03
3.152418638036984e-03	8.178556e-03	7.954343e-03
3.201246763036984e-03	9.534480e-03	9.271280e-03
3.246402498202097e-03	9.997445e-03	9.719159e-03
3.263662682768356e-03	9.963175e-03	9.684766e-03
3.287236659636071e-03	9.727549e-03	9.454036e-03
3.325420274226751e-03	8.898046e-03	8.644595e-03
3.374248399226750e-03	7.104381e-03	6.896675e-03
3.423076524226750e-03	4.647254e-03	4.503865e-03
3.471904649226750e-03	1.756129e-03	1.689726e-03
3.520732774226750e-03	-1.298997e-03	-1.282872e-03
3.569560899226750e-03	-4.232813e-03	-4.136318e-03
3.618389024226750e-03	-6.771335e-03	-6.604193e-03
3.667217149226749e-03	-8.677497e-03	-8.456126e-03
3.716045274226749e-03	-9.773284e-03	-9.519272e-03
3.752218184371313e-03	-9.999028e-03	-9.736670e-03
3.768611865595530e-03	-9.931701e-03	-9.670180e-03
3.795279410124376e-03	-9.598024e-03	-9.344026e-03
3.838347065423550e-03	-8.498472e-03	-8.272097e-03
3.887175190423550e-03	-6.509986e-03	-6.335542e-03
3.936003315423551e-03	-3.913545e-03	-3.808111e-03
3.984831440423550e-03	-9.516265e-04	-9.257426e-04
4.033659565423550e-03	2.099162e-03	2.042433e-03
4.082487690423550e-03	4.953915e-03	4.819211e-03
4.131315815423550e-03	7.346032e-03	7.145199e-03
4.180143940423550e-03	9.052117e-03	8.803078e-03
4.228972065423550e-03	9.912846e-03	9.637922e-03
4.257145900375242e-03	9.989922e-03	9.711235e-03
4.276634293603396e-03	9.860300e-03	9.583908e-03
4.308291112183548e-03	9.336755e-03	9.072538e-03
4.357119237183548e-03	7.819240e-03	7.593162e-03
4.405947362183547e-03	5.571503e-03	5.403821e-03
4.454775487183547e-03	2.803455e-03	2.709077e-03
4.503603612183547e-03	-2.264023e-04	-2.393343e-04
4.552431737183547e-03	-3.235116e-03	-3.166038e-03
4.601259862183547e-03	-5.941709e-03	-5.797751e-03
4.650087987183547e-03	-8.093419e-03	-7.888792e-03
4.698916112183546e-03	-9.489300e-03	-9.243991e-03
4.745464784986810e-03	-9.995940e-03	-9.734037e-03
4.763313958996111e-03	-9.965030e-03	-9.702877e-03
4.786669612705593e-03	-9.735746e-03	-9.478451e-03
4.824506501856802e-03	-8.924100e-03	-8.686801e-03
4.873334626856802e-03	-7.144670e-03	-6.953478e-03
4.922162751856802e-03	-4.698014e-03	-4.571598e-03
4.970990876856801e-03	-1.812621e-03	-1.763499e-03
5.019819001856801e-03	1.242049e-03	1.208641e-03
5.068647126856801e-03	4.180727e-03	4.067262e-03
5.117475251856801e-03	6.728975e-03	6.545348e-03
5.166303376856801e-03	8.648818e-03	8.411376e-03
5.215131501856800e-03	9.760967e-03	9.490979e-03
5.251865183384801e-03	9.999313e-03	9.720736e-03
5.268037085843025e-03	9.935850e-03	9.657995e-03
5.294345876878707e-03	9.614322e-03	9.343513e-03
5.336850074484012e-03	8.547667e-03	8.303096e-03
5.385678199484012e-03	6.581095e-03	6.387059e-03
5.434506324484012e-03	3.999927e-03	3.873759e-03
5.483334449484012e-03	1.045215e-03	9.980018e-04
5.532162574484012e-03	-2.007108e-03	-1.971601e-03
5.580990699484012e-03	-4.871991e-03	-4.757733e-03
5.629818824484011e-03	-7.281889e-03	-7.100273e-03
5.678646949484011e-03	-9.011746e-03	-8.780560e-03
5.727475074484011e-03	-9.900016e-03	-9.641777e-03
5.756580702427365e-03	-9.991453e-03	-9.728947e-03
5.775714301646050e-03	-9.869763e-03	-9.609418e-03
5.806800872487272e-03	-9.369877e-03	-9.121355e-03
5.855628997487271e-03	-7.877266e-03	-7.666883e-03
5.904457122487271e-03	-5.649013e-03	-5.497266e-03
5.953285247487271e-03	-2.893210e-03	-2.815014e-03
6.050941497487271e-03	3.146376e-03	3.061215e-03
6.099769622487271e-03	5.866136e-03	5.706414e-03
6.148597747487270e-03	8.038069e-03	7.817945e-03
6.197425872487270e-03	9.459344e-03	9.198508e-03
6.244861675370407e-03	9.994789e-03	9.716799e-03
6.263089619123187e-03	9.966198e-03	9.687875e-03
6.286304800599883e-03	9.740956e-03	9.467273e-03
6.323918468912063e-03	8.940710e-03	8.686330e-03
6.372746593912063e-03	7.170472e-03	6.961188e-03
6.421574718912063e-03	4.730599e-03	4.585142e-03
6.470402843912063e-03	1.848944e-03	1.780186e-03
6.519230968912063e-03	-1.205379e-03	-1.191666e-03
6.568059093912062e-03	-4.147135e-03	-4.052871e-03
6.616887218912062e-03	-6.701598e-03	-6.536282e-03
6.665715343912062e-03	-8.630212e-03	-8.410077e-03
6.714543468912062e-03	-9.752871e-03	-9.499372e-03
6.751637641661678e-03	-9.999471e-03	-9.737003e-03
6.767666584107444e-03	-9.938455e-03	-9.676675e-03
6.793744044974286e-03	-9.624653e-03	-9.369886e-03
6.835884488768264e-03	-8.578998e-03	-8.350421e-03
6.884712613768264e-03	-6.626653e-03	-6.448999e-03
6.933540738768264e-03	-4.055458e-03	-3.946098e-03
6.982368863768264e-03	-1.105533e-03	-1.075365e-03
7.031196988768263e-03	1.947636e-03	1.895159e-03
7.080025113768263e-03	4.818920e-03	4.688054e-03
7.128853238768263e-03	7.240174e-03	7.042426e-03
7.177681363768263e-03	8.985283e-03	8.738303e-03
7.226509488768263e-03	9.891276e-03	9.617210e-03
7.256215482830350e-03	9.992375e-03	9.713811e-03
7.275119793257267e-03	9.875704e-03	9.599122e-03
7.305837576968448e-03	9.390851e-03	9.125456e-03
7.354665701968448e-03	7.914406e-03	7.686025e-03
7.403493826968447e-03	5.698852e-03	5.527962e-03
7.452321951968447e-03	2.951094e-03	2.852910e-03
7.549978201968447e-03	-3.088867e-03	-3.023670e-03
7.598806326968447e-03	-5.817011e-03	-5.676399e-03
7.647634451968447e-03	-8.001916e-03	-7.799770e-03
7.696462576968446e-03	-9.439539e-03	-9.195595e-03
7.744470315105580e-03	-9.993965e-03	-9.732046e-03
7.762944019616118e-03	-9.966945e-03	-9.704632e-03
7.786068024027418e-03	-9.744309e-03	-9.486684e-03
7.823536750088851e-03	-8.951427e-03	-8.713305e-03
7.872364875088852e-03	-7.187169e-03	-6.994730e-03
7.921193000088853e-03	-4.751715e-03	-4.623736e-03
7.970021125088853e-03	-1.872509e-03	-1.821644e-03
8.018849250088854e-03	1.181567e-03	1.149931e-03
8.067677375088855e-03	4.125298e-03	4.013482e-03
8.116505500088855e-03	6.683777e-03	6.501535e-03
8.165333625088856e-03	8.618072e-03	8.381636e-03
8.214161750088857e-03	9.747543e-03	9.478103e-03
8.251489772889108e-03	9.999562e-03	9.721132e-03
8.267425811132583e-03	9.940120e-03	9.662319e-03
8.293352908316466e-03	9.631295e-03	9.360221e-03
8.335256736423650e-03	8.599197e-03	8.353458e-03
8.384084861423651e-03	6.656141e-03	6.460283e-03
8.432912986423652e-03	4.091480e-03	3.963016e-03
8.481741111423653e-03	1.144725e-03	1.094965e-03
8.530569236423653e-03	-1.908934e-03	-1.875974e-03
8.579397361423654e-03	-4.784321e-03	-4.672361e-03
8.628225486423655e-03	-7.212910e-03	-7.033112e-03
8.677053611423655e-03	-8.967902e-03	-8.737867e-03
8.725881736423656e-03	-9.885399e-03	-9.627523e-03
8.755977755121066e-03	-9.992947e-03	-9.730306e-03
8.774732806412590e-03	-9.879496e-03	-9.618813e-03
8.805210415181444e-03	-9.404321e-03	-9.154818e-03
8.854038540181445e-03	-7.938432e-03	-7.726327e-03
8.902866665181445e-03	-5.731189e-03	-5.577132e-03
8.951694790181446e-03	-2.988722e-03	-2.907833e-03
9.049351040181447e-03	3.051365e-03	2.968925e-03
9.098179165181448e-03	5.784913e-03	5.627562e-03
9.147007290181449e-03	7.978220e-03	7.759909e-03
9.195835415181449e-03	9.426459e-03	9.166726e-03
9.244214868066808e-03	9.993395e-03	9.715612e-03
9.262848973277111e-03	9.967429e-03	9.689218e-03
9.285913454265736e-03	9.746487e-03	9.472811e-03
9.323287533943915e-03	8.958397e-03	8.703708e-03
9.372115658943915e-03	7.198047e-03	6.988182e-03
9.420943783943916e-03	4.765488e-03	4.619241e-03
9.469771908943917e-03	1.887889e-03	1.818217e-03
9.518600033943917e-03	-1.166016e-03	-1.153242e-03
9.567428158943918e-03	-4.111029e-03	-4.017631e-03
9.616256283943919e-03	-6.672122e-03	-6.507502e-03
9.665084408943920e-03	-8.610119e-03	-8.390432e-03
9.713912533943920e-03	-9.744035e-03	-9.490684e-03
9.751393163278237e-03	-9.999617e-03	-9.737029e-03
9.767268502403531e-03	-9.941195e-03	-9.679233e-03
9.793097346130304e-03	-9.635602e-03	-9.380442e-03
9.834846485625083e-03	-8.612326e-03	-8.382764e-03
9.883674610625084e-03	-6.675356e-03	-6.496287e-03
9.932502735625084e-03	-4.114987e-03	-4.003906e-03
9.981330860625085e-03	-1.170328e-03	-1.138284e-03
1.003015898562509e-02	1.883625e-03	1.833018e-03
1.007898711062509e-02	4.761670e-03	4.632506e-03
1.012781523562509e-02	7.195033e-03	6.998673e-03
1.017664336062509e-02	8.956467e-03	8.710445e-03
1.022547148562509e-02	9.881474e-03	9.607865e-03
1.025582226800330e-02	9.993309e-03	9.714874e-03
1.027447969098258e-02	9.881944e-03	9.605366e-03
1.030480015959380e-02	9.413053e-03	9.147254e-03
1.035355578472943e-02	7.956841e-03	7.727504e-03
1.040238390972943e-02	5.756019e-03	5.583759e-03
1.045121203472943e-02	3.017654e-03	2.917826e-03
1.054886828472943e-02	-3.022465e-03	-2.958959e-03
1.059769640972943e-02	-5.760145e-03	-5.620987e-03
1.064652453472943e-02	-7.959897e-03	-7.758819e-03
1.069535265972943e-02	-9.416291e-03	-9.172915e-03
1.074401788591879e-02	-9.992937e-03	-9.730944e-03
1.076277567409274e-02	-9.967799e-03	-9.705342e-03
1.078579424899826e-02	-9.748160e-03	-9.490316e-03
1.082309532231418e-02	-8.963757e-03	-8.725191e-03
1.087192344731418e-02	-7.206426e-03	-7.013353e-03
1.092075157231418e-02	-4.776102e-03	-4.647343e-03
1.096957969731418e-02	-1.899747e-03	-1.848019e-03
1.101840782231418e-02	1.154021e-03	1.123261e-03
1.106723594731418e-02	4.100017e-03	3.989023e-03
1.111606407231418e-02	6.663121e-03	6.481581e-03
1.116489219731419e-02	8.603971e-03	8.368065e-03
1.121372032231419e-02	9.741313e-03	9.472196e-03
1.125131861405848e-02	9.999657e-03	9.721365e-03
1.126714711422778e-02	9.942018e-03	9.664313e-03
1.129290013287903e-02	9.638909e-03	9.367788e-03
1.133452985447766e-02	8.622420e-03	8.376225e-03
1.138335797947766e-02	6.690155e-03	6.493543e-03
1.143218610447766e-02	4.133111e-03	4.003673e-03
1.148101422947767e-02	1.190084e-03	1.139234e-03
1.152984235447767e-02	-1.864083e-03	-1.832217e-03
1.157867047947767e-02	-4.744166e-03	-4.633188e-03
1.162749860447767e-02	-7.181202e-03	-7.002169e-03
1.167632672947767e-02	-8.947601e-03	-8.718030e-03
1.172515485447767e-02	-9.878401e-03	-9.620630e-03
1.175570219355331e-02	-9.993582e-03	-9.730811e-03
1.177428422097415e-02	-9.883819e-03	-9.622916e-03
1.180448331055660e-02	-9.419755e-03	-9.169743e-03
1.185305147185534e-02	-7.975994e-03	-7.762784e-03
1.190187959685534e-02	-5.781901e-03	-5.626370e-03
1.195070772185534e-02	-3.047848e-03	-2.965245e-03
1.204836397185534e-02	2.992245e-03	2.911546e-03
1.209719209685534e-02	5.734214e-03	5.578389e-03
1.214602022185535e-02	7.940676e-03	7.723549e-03
1.219484834685535e-02	9.405576e-03	9.146588e-03
1.224367647185535e-02	9.992108e-03	9.714521e-03
1.226264861648863e-02	9.968436e-03	9.690341e-03
1.228558761326628e-02	9.751047e-03	9.477396e-03
1.232276210447939e-02	8.973018e-03	8.718096e-03
1.237159022947939e-02	7.220926e-03	7.010598e-03
1.242041835447939e-02	4.794485e-03	4.647603e-03
1.246924647947939e-02	1.920298e-03	1.849888e-03
1.251807460447939e-02	-1.133221e-03	-1.121210e-03
1.256690272947939e-02	-4.080912e-03	-3.988215e-03
1.261573085447939e-02	-6.647495e-03	-6.483437e-03
1.266455897947939e-02	-8.593282e-03	-8.373952e-03
1.271338710447940e-02	-9.736560e-03	-9.483315e-03
1.275118929742787e-02	-9.999720e-03	-9.737014e-03
1.276693654808595e-02	-9.943432e-03	-9.681300e-03
1.279255802187002e-02	-9.644612e-03	-9.389107e-03
1.283398048922598e-02	-8.639852e-03	-8.409454e-03
1.288280861422598e-02	-6.715770e-03	-6.535509e-03
1.293163673922598e-02	-4.164517e-03	-4.051985e-03
1.298046486422598e-02	-1.224349e-03	-1.190719e-03
1.302929298922598e-02	1.830159e-03	1.781134e-03
1.307812111422598e-02	4.713752e-03	4.586031e-03
1.312694923922598e-02	7.157138e-03	6.961962e-03
1.317577736422598e-02	8.932133e-03	8.686940e-03
1.322460548922598e-02	9.872976e-03	9.599774e-03
1.325549371405482e-02	9.994043e-03	9.715737e-03
1.327394483097183e-02	9.887038e-03	9.610483e-03
1.330393311863211e-02	9.431303e-03	9.165193e-03
1.335217544304158e-02	8.009074e-03	7.778531e-03
1.340100356804158e-02	5.826723e-03	5.652739e-03
1.344983169304158e-02	3.100226e-03	2.998325e-03
1.354748794304159e-02	-2.939679e-03	-2.878315e-03
1.359631606804159e-02	-5.689033e-03	-5.551729e-03
1.364514419304159e-02	-7.907100e-03	-7.707399e-03
1.369397231804159e-02	-9.386739e-03	-9.144120e-03
1.374280044304159e-02	-9.989770e-03	-9.727810e-03
1.376232251546343e-02	-9.970042e-03	-9.707423e-03
1.378505724712658e-02	-9.758382e-03	-9.500175e-03
1.382190667302441e-02	-8.996614e-03	-8.757089e-03
1.387073479802441e-02	-7.258004e-03	-7.063450e-03
1.391956292302441e-02	-4.841584e-03	-4.710953e-03
1.396839104802441e-02	-1.973019e-03	-1.919191e-03
1.401721917302441e-02	1.079803e-03	1.051184e-03
1.406604729802441e-02	4.031784e-03	3.922785e-03
1.411487542302441e-02	6.607245e-03	6.427383e-03
1.416370354802441e-02	8.565670e-03	8.330981e-03
1.421253167302441e-02	9.724163e-03	9.455704e-03
1.425085685805895e-02	9.999855e-03	9.721713e-03
1.426639523525475e-02	9.946987e-03	9.669323e-03
1.429167845534184e-02	9.659067e-03	9.387604e-03
1.433256751443528e-02	8.684212e-03	8.436591e-03
1.438139563943528e-02	6.781285e-03	6.582432e-03
1.443022376443528e-02	4.245067e-03	4.112792e-03
1.447905188943528e-02	1.312412e-03	1.258400e-03
1.452788001443528e-02	-1.742808e-03	-1.714121e-03
1.457670813943529e-02	-4.635269e-03	-4.527177e-03
1.462553626443529e-02	-7.094853e-03	-6.918128e-03
1.467436438943529e-02	-8.891864e-03	-8.663791e-03
1.472319251443529e-02	-9.858481e-03	-9.601244e-03
1.475495662263248e-02	-9.995150e-03	-9.732255e-03
1.477307045706874e-02	-9.895123e-03	-9.633857e-03
1.480251534193347e-02	-9.460541e-03	-9.209401e-03
1.484991620350716e-02	-8.093264e-03	-7.876880e-03
1.489874432850716e-02	-5.941497e-03	-5.781609e-03
1.494757245350716e-02	-3.234867e-03	-3.147123e-03
1.504522870350716e-02	2.803707e-03	2.728275e-03
1.509405682850716e-02	5.571722e-03	5.420502e-03
1.514288495350716e-02	7.819404e-03	7.605809e-03
1.519171307850716e-02	9.336849e-03	9.080008e-03
1.524054120350716e-02	9.982345e-03	9.705338e-03
1.526148084262596e-02	9.973994e-03	9.695946e-03
1.528368821423774e-02	9.776816e-03	9.502715e-03
1.531969743709140e-02	9.056348e-03	8.799487e-03
1.536852556209141e-02	7.352790e-03	7.139184e-03
1.541735368709141e-02	4.962570e-03	4.811381e-03
1.546618181209141e-02	2.108906e-03	2.033569e-03
1.551500993709141e-02	-9.417047e-04	-9.347691e-04
1.556383806209141e-02	-3.904372e-03	-3.816413e-03
1.561266618709141e-02	-6.502417e-03	-6.342303e-03
1.566149431209141e-02	-8.493216e-03	-8.276646e-03
1.571032243709141e-02	-9.690850e-03	-9.438905e-03
1.574999514654438e-02	-1.000000e-02	-9.737232e-03
1.576499819606049e-02	-9.955631e-03	-9.693156e-03
1.578940789897339e-02	-9.695017e-03	-9.438195e-03
1.582891637631997e-02	-8.795664e-03	-8.561158e-03
1.587774450131997e-02	-6.948087e-03	-6.761584e-03
1.592657262631998e-02	-4.451644e-03	-4.331320e-03
1.597540075131998e-02	-1.539470e-03	-1.497224e-03
1.602422887631998e-02	1.516472e-03	1.476093e-03
1.607305700131998e-02	4.430793e-03	4.310956e-03
1.612188512631998e-02	6.931332e-03	6.742563e-03
1.617071325131998e-02	8.784569e-03	8.543729e-03
1.621954137631998e-02	9.817432e-03	9.546146e-03
1.625356248720861e-02	9.997495e-03	9.719339e-03
1.627080067702512e-02	9.914716e-03	9.637736e-03
1.629883295294806e-02	9.532969e-03	9.264554e-03
1.634403643970970e-02	8.304683e-03	8.066738e-03
1.639286456470970e-02	6.234534e-03	6.050008e-03
1.644169268970970e-02	3.582153e-03	3.467552e-03
1.649052081470970e-02	5.952427e-04	5.606273e-04
1.653934893970970e-02	-2.447256e-03	-2.399249e-03
1.658817706470970e-02	-5.261211e-03	-5.135681e-03
1.663700518970970e-02	-7.583832e-03	-7.393194e-03
1.668583331470970e-02	-9.198215e-03	-8.961071e-03
1.673466143970970e-02	-9.953595e-03	-9.692988e-03
1.675928402921802e-02	-9.982991e-03	-9.720077e-03
1.678011404913182e-02	-9.821528e-03	-9.561763e-03
1.681392256567511e-02	-9.204222e-03	-8.959346e-03
1.686275069067511e-02	-7.593820e-03	-7.390352e-03
1.691157881567511e-02	-5.274248e-03	-5.131979e-03
1.696040694067511e-02	-2.462125e-03	-2.395026e-03
1.700923506567512e-02	5.799307e-04	5.649832e-04
1.705806319067512e-02	3.567828e-03	3.471637e-03
1.710689131567512e-02	6.222534e-03	6.053444e-03
1.715571944067512e-02	8.296129e-03	8.069203e-03
1.720454756567512e-02	9.594967e-03	9.330560e-03
1.724771954862592e-02	9.998973e-03	9.721171e-03
1.726415234945441e-02	9.960490e-03	9.682727e-03
1.728803281894900e-02	9.715829e-03	9.443188e-03
1.732670275392718e-02	8.860985e-03	8.609063e-03
1.737553087892718e-02	7.047442e-03	6.841813e-03
1.742435900392718e-02	4.575753e-03	4.434858e-03
1.747318712892718e-02	1.676744e-03	1.613075e-03
1.752201525392718e-02	-1.378852e-03	-1.359950e-03
1.757084337892718e-02	-4.305681e-03	-4.206571e-03
1.761967150392718e-02	-6.830411e-03	-6.661004e-03
1.766849962892718e-02	-8.717262e-03	-8.494137e-03
1.771732775392718e-02	-9.790028e-03	-9.534881e-03
1.775271244834595e-02	-9.998548e-03	-9.735569e-03
1.776941664740295e-02	-9.925675e-03	-9.663667e-03
1.779658624634582e-02	-9.574655e-03	-9.320615e-03
1.784044104940243e-02	-8.428398e-03	-8.203224e-03
1.788926917440243e-02	-6.409554e-03	-6.237159e-03
1.793809729940243e-02	-3.792135e-03	-3.689345e-03
1.798692542440243e-02	-8.205762e-04	-7.976255e-04
1.803575354940243e-02	2.227614e-03	2.167994e-03
1.808458167440243e-02	5.067773e-03	4.930543e-03
1.813340979940243e-02	7.434662e-03	7.231959e-03
1.818223792440243e-02	9.107244e-03	8.857213e-03
1.823106604940243e-02	9.929320e-03	9.654431e-03
1.825793455969640e-02	9.987575e-03	9.709504e-03
1.827791792566840e-02	9.846545e-03	9.571047e-03
1.831036945641661e-02	9.289194e-03	9.026736e-03
1.835919758141661e-02	7.737172e-03	7.513800e-03
1.840802570641661e-02	5.462591e-03	5.298370e-03
1.845685383141661e-02	2.677870e-03	2.587445e-03
1.850568195641662e-02	-3.569320e-04	-3.657292e-04
1.855451008141662e-02	-3.358401e-03	-3.285336e-03
1.860333820641662e-02	-6.046235e-03	-5.898759e-03
1.865216633141662e-02	-8.169424e-03	-7.962025e-03
1.870099445641662e-02	-9.529687e-03	-9.282557e-03
1.874630130271832e-02	-9.997300e-03	-9.734708e-03
1.876362505357855e-02	-9.963378e-03	-9.700651e-03
1.878717547415382e-02	-9.728439e-03	-9.470712e-03
1.882532169047164e-02	-8.900871e-03	-8.663562e-03
1.887414981547164e-02	-7.108740e-03	-6.917891e-03
1.892297794047164e-02	-4.652738e-03	-4.526928e-03
1.897180606547164e-02	-1.762226e-03	-1.713860e-03
1.902063419047164e-02	1.292855e-03	1.258669e-03
1.906946231547164e-02	4.227200e-03	4.113064e-03
1.911829044047164e-02	6.766776e-03	6.582699e-03
1.916711856547165e-02	8.674416e-03	8.436844e-03
1.921594669047165e-02	9.771970e-03	9.502240e-03
1.925218013422599e-02	9.999062e-03	9.721071e-03
1.926854991012115e-02	9.932155e-03	9.654967e-03
1.929517879186724e-02	9.599796e-03	9.329928e-03
1.933818576255003e-02	8.503810e-03	8.260944e-03
1.938701388755003e-02	6.517676e-03	6.325890e-03
1.943584201255003e-02	3.922869e-03	3.799344e-03
1.948467013755003e-02	9.617150e-04	9.173480e-04
1.953349826255003e-02	-2.089252e-03	-2.050905e-03
1.958232638755003e-02	-4.945108e-03	-4.828226e-03
1.963115451255004e-02	-7.339151e-03	-7.155319e-03
1.967998263755004e-02	-9.047806e-03	-8.814965e-03
1.972881076255004e-02	-9.911505e-03	-9.652275e-03
1.975708505699322e-02	-9.990093e-03	-9.726995e-03
1.977653525939682e-02	-9.861334e-03	-9.600573e-03
1.980813071901651e-02	-9.340359e-03	-9.091970e-03
1.985695884401651e-02	-7.825518e-03	-7.615885e-03
1.990578696901651e-02	-5.579869e-03	-5.429360e-03
1.995461509401651e-02	-2.813127e-03	-2.736482e-03
2.005227134401651e-02	3.225578e-03	3.138853e-03
2.010109946901651e-02	5.933600e-03	5.772614e-03
2.014992759401651e-02	8.087495e-03	7.866576e-03
2.019875571901651e-02	9.486116e-03	9.225084e-03
2.024540000704840e-02	9.995824e-03	9.718370e-03
2.026328986547613e-02	9.965157e-03	9.687445e-03
2.028663043362327e-02	9.736309e-03	9.463327e-03
2.032444335565005e-02	8.925889e-03	8.672474e-03
2.037327148065005e-02	7.147445e-03	6.939352e-03
2.042209960565005e-02	4.701517e-03	4.557424e-03
2.047092773065005e-02	1.816523e-03	1.749229e-03
2.051975585565005e-02	-1.238112e-03	-1.222914e-03
2.056858398065005e-02	-4.177122e-03	-4.081436e-03
2.061741210565005e-02	-6.726040e-03	-6.559442e-03
2.066624023065005e-02	-8.646826e-03	-8.425615e-03
2.071506835565005e-02	-9.760103e-03	-9.505782e-03
2.075184076301135e-02	-9.999331e-03	-9.736260e-03
2.076799732273632e-02	-9.936132e-03	-9.673800e-03
2.079428128979459e-02	-9.615437e-03	-9.360295e-03
2.083674646900364e-02	-8.551044e-03	-8.322590e-03
2.088557459400364e-02	-6.585994e-03	-6.408819e-03
2.093440271900364e-02	-4.005893e-03	-3.897263e-03
2.098323084400364e-02	-1.051689e-03	-1.022380e-03
2.103205896900364e-02	2.000730e-03	1.947404e-03
2.108088709400364e-02	4.866305e-03	4.734732e-03
2.112971521900365e-02	7.277426e-03	7.079233e-03
2.117854334400365e-02	9.008923e-03	8.761855e-03
2.122737146900365e-02	9.899096e-03	9.625362e-03
2.125654154032726e-02	9.991555e-03	9.713585e-03
2.127565055417877e-02	9.870406e-03	9.594529e-03
2.130669759166310e-02	9.372142e-03	9.107794e-03
2.135552571666310e-02	7.881261e-03	7.654321e-03
2.140435384166310e-02	5.654366e-03	5.485235e-03
2.145318196666311e-02	2.899421e-03	2.803208e-03
2.155083821666311e-02	-3.140216e-03	-3.073018e-03
2.159966634166311e-02	-5.860879e-03	-5.718451e-03
2.164849446666311e-02	-8.034207e-03	-7.830548e-03
2.169732259166311e-02	-9.457237e-03	-9.212170e-03
2.174481977247456e-02	-9.994703e-03	-9.732150e-03
2.176307403076096e-02	-9.966278e-03	-9.703383e-03
2.178627945084837e-02	-9.741316e-03	-9.483168e-03
2.182387760375345e-02	-8.941860e-03	-8.703388e-03
2.187270572875345e-02	-7.172261e-03	-6.979622e-03
2.192153385375345e-02	-4.732860e-03	-4.604792e-03
2.197036197875345e-02	-1.851467e-03	-1.800576e-03
2.201919010375345e-02	1.202830e-03	1.171209e-03
2.206801822875345e-02	4.144798e-03	4.033040e-03
2.211684635375345e-02	6.699692e-03	6.517599e-03
2.216567447875345e-02	8.628915e-03	8.392761e-03
2.221450260375345e-02	9.752302e-03	9.483306e-03
2.225162181757187e-02	9.999481e-03	9.721636e-03
2.226764081797005e-02	9.938635e-03	9.661451e-03
2.229370218898662e-02	9.625367e-03	9.355023e-03
2.233581732006829e-02	8.581166e-03	8.336470e-03
2.238464544506829e-02	6.629813e-03	6.435231e-03
2.243347357006829e-02	4.059315e-03	3.932294e-03
2.248230169506829e-02	1.109727e-03	1.061499e-03
2.253112982006829e-02	-1.943497e-03	-1.909005e-03
2.257995794506829e-02	-4.815221e-03	-4.701815e-03
2.262878607006829e-02	-7.237262e-03	-7.056186e-03
2.267761419506829e-02	-8.983430e-03	-8.752353e-03
2.272644232006829e-02	-9.890654e-03	-9.632013e-03
2.275619005730603e-02	-9.992437e-03	-9.729207e-03
2.277507840453586e-02	-9.876112e-03	-9.614912e-03
2.280577050565291e-02	-9.392299e-03	-9.142502e-03
2.285459863065292e-02	-7.916981e-03	-7.704846e-03
2.290342675565292e-02	-5.702314e-03	-5.548435e-03
2.295225488065292e-02	-2.955120e-03	-2.874544e-03
2.304991113065292e-02	3.084859e-03	3.002094e-03
2.309873925565292e-02	5.813583e-03	5.656029e-03
2.314756738065292e-02	7.999388e-03	7.781070e-03
2.319639550565292e-02	9.438147e-03	9.178657e-03
2.324444302110415e-02	9.993905e-03	9.716683e-03
2.326293386454055e-02	9.966997e-03	9.689381e-03
2.328605150940390e-02	9.744543e-03	9.471497e-03
2.332351012421644e-02	8.952173e-03	8.698226e-03
2.337233824921644e-02	7.188332e-03	6.979304e-03
2.342116637421644e-02	4.753187e-03	4.607853e-03
2.346999449921644e-02	1.874153e-03	1.805436e-03
2.351882262421644e-02	-1.179905e-03	-1.166167e-03
2.356765074921644e-02	-4.123774e-03	-4.029437e-03
2.361647887421644e-02	-6.682533e-03	-6.517034e-03
2.366530699921644e-02	-8.617223e-03	-8.396746e-03
2.371413512421644e-02	-9.747169e-03	-9.493133e-03
2.375147945388448e-02	-9.999568e-03	-9.736390e-03
2.376740900878821e-02	-9.940235e-03	-9.677704e-03
2.379332561190355e-02	-9.631756e-03	-9.376101e-03
2.383521292113346e-02	-8.600603e-03	-8.370754e-03
2.388404104613346e-02	-6.658195e-03	-6.478993e-03
2.393286917113346e-02	-4.093992e-03	-3.982886e-03
2.398169729613346e-02	-1.147460e-03	-1.115446e-03
2.403052542113346e-02	1.906231e-03	1.855596e-03
2.407935354613346e-02	4.781903e-03	4.652769e-03
2.412818167113346e-02	7.211003e-03	7.014784e-03
2.417700979613346e-02	8.966682e-03	8.720953e-03
2.422583792113346e-02	9.884982e-03	9.611841e-03
2.425596115371959e-02	9.992986e-03	9.715136e-03
2.427470578137915e-02	9.879759e-03	9.603810e-03
2.430516661421584e-02	9.405256e-03	9.140230e-03
2.435399473921584e-02	7.940105e-03	7.711781e-03
2.440282286421584e-02	5.733443e-03	5.562360e-03
2.445165098921584e-02	2.991348e-03	2.892805e-03
2.454930723921584e-02	-3.048744e-03	-2.983933e-03
2.459813536421584e-02	-5.782668e-03	-5.642299e-03
2.464696348921584e-02	-7.976561e-03	-7.774425e-03
2.469579161421584e-02	-9.425540e-03	-9.181303e-03
2.474419700835417e-02	-9.993354e-03	-9.730754e-03
2.476284232771751e-02	-9.967463e-03	-9.704427e-03
2.478590264677096e-02	-9.746639e-03	-9.488246e-03
2.482327010799768e-02	-8.958884e-03	-8.719859e-03
2.487209823299768e-02	-7.198807e-03	-7.005351e-03
2.492092635799768e-02	-4.766450e-03	-4.637366e-03
2.496975448299768e-02	-1.888964e-03	-1.836943e-03
2.501858260799768e-02	1.164929e-03	1.134456e-03
2.506741073299769e-02	4.110031e-03	3.999345e-03
2.511623885799769e-02	6.671306e-03	6.490122e-03
2.516506698299769e-02	8.609562e-03	8.374080e-03
2.521389510799769e-02	9.743788e-03	9.475177e-03
2.525138640598466e-02	9.999621e-03	9.721908e-03
2.526725749953905e-02	9.941270e-03	9.664160e-03
2.529307947058987e-02	9.635903e-03	9.365433e-03
2.533481778765693e-02	8.613243e-03	8.367861e-03
2.538364591265693e-02	6.676698e-03	6.481018e-03
2.543247403765693e-02	4.116630e-03	3.988212e-03
2.548130216265693e-02	1.172119e-03	1.122334e-03
2.553013028765693e-02	-1.881854e-03	-1.848922e-03
2.557895841265694e-02	-4.760084e-03	-4.648084e-03
2.562778653765694e-02	-7.193781e-03	-7.013811e-03
2.567661466265694e-02	-8.955664e-03	-8.725277e-03
2.572544278765694e-02	-9.881197e-03	-9.622753e-03
2.575581138753152e-02	-9.993334e-03	-9.729982e-03
2.577446197867419e-02	-9.882115e-03	-9.620667e-03
2.580477144960231e-02	-9.413662e-03	-9.163219e-03
2.585351009396294e-02	-7.958580e-03	-7.745241e-03
2.590233821896294e-02	-5.758366e-03	-5.602879e-03
2.595116634396294e-02	-3.020391e-03	-2.937944e-03
2.604882259396294e-02	3.019728e-03	2.938860e-03
2.609765071896294e-02	5.757798e-03	5.601903e-03
2.614647884396294e-02	7.958159e-03	7.741120e-03
2.619530696896294e-02	9.415324e-03	9.156628e-03
2.624399922638573e-02	9.992893e-03	9.715846e-03
2.626276873038349e-02	9.967835e-03	9.690327e-03
2.628578295646887e-02	9.748318e-03	9.475308e-03
2.632307711311144e-02	8.964264e-03	8.710138e-03
2.637190523811144e-02	7.207219e-03	6.997825e-03
2.642073336311144e-02	4.777107e-03	4.631262e-03
2.646956148811144e-02	1.900870e-03	1.831559e-03
2.651838961311144e-02	-1.152884e-03	-1.139759e-03
2.656721773811144e-02	-4.098973e-03	-4.005199e-03
2.661604586311144e-02	-6.662268e-03	-6.497218e-03
2.666487398811145e-02	-8.603388e-03	-8.383188e-03
2.671370211311145e-02	-9.741054e-03	-9.487090e-03
2.675131154991848e-02	-9.999661e-03	-9.736369e-03
2.676713561170923e-02	-9.942096e-03	-9.679410e-03
2.679288144499171e-02	-9.639222e-03	-9.383269e-03
2.683449984845124e-02	-8.623375e-03	-8.392822e-03
2.688332797345124e-02	-6.691556e-03	-6.511355e-03
2.693215609845124e-02	-4.134828e-03	-4.022510e-03
2.698098422345124e-02	-1.191956e-03	-1.158622e-03
2.702981234845124e-02	1.862230e-03	1.812911e-03
2.707864047345124e-02	4.742506e-03	4.614574e-03
2.712746859845124e-02	7.179890e-03	6.984657e-03
2.717629672345124e-02	8.946758e-03	8.701721e-03
2.722512484845124e-02	9.878107e-03	9.605314e-03
2.725569081133777e-02	9.993608e-03	9.715878e-03
2.727426569168210e-02	9.883996e-03	9.608080e-03
2.730445327412546e-02	9.420388e-03	9.155117e-03
2.735300365744438e-02	7.977806e-03	7.748638e-03
2.740183178244438e-02	5.784352e-03	5.612055e-03
2.745065990744438e-02	3.050710e-03	2.950705e-03
2.754831615744438e-02	-2.989378e-03	-2.926075e-03
2.759714428244438e-02	-5.731752e-03	-5.592682e-03
2.764597240744439e-02	-7.938850e-03	-7.737669e-03
2.769480053244439e-02	-9.404555e-03	-9.160827e-03
2.774362865744439e-02	-9.991989e-03	-9.729342e-03
2.776263082086848e-02	-9.968525e-03	-9.705354e-03
2.778555867157095e-02	-9.751450e-03	-9.492827e-03
2.782271543052502e-02	-8.974313e-03	-8.734777e-03
2.787154355552502e-02	-7.222954e-03	-7.028744e-03
2.792037168052502e-02	-4.797059e-03	-4.667039e-03
2.796919980552502e-02	-1.923176e-03	-1.870115e-03
2.801802793052502e-02	1.130308e-03	1.100894e-03
2.806685605552502e-02	4.078235e-03	3.968539e-03
2.811568418052502e-02	6.645304e-03	6.464960e-03
2.816451230552502e-02	8.591781e-03	8.356925e-03
2.821334043052502e-02	9.735891e-03	9.467644e-03
2.825117117603585e-02	9.999730e-03	9.722146e-03
2.826690704100060e-02	9.943629e-03	9.666597e-03
2.829251007962965e-02	9.645407e-03	9.374836e-03
2.833390349332575e-02	8.642286e-03	8.396293e-03
2.838273161832575e-02	6.719354e-03	6.522684e-03
2.843155974332575e-02	4.168916e-03	4.039231e-03
2.848038786832575e-02	1.229150e-03	1.177951e-03
2.852921599332576e-02	-1.825403e-03	-1.793891e-03
2.857804411832576e-02	-4.709485e-03	-4.598766e-03
2.862687224332576e-02	-7.153758e-03	-6.974799e-03
2.867570036832576e-02	-8.929957e-03	-8.700201e-03
2.872452849332576e-02	-9.872206e-03	-9.613941e-03
2.875546447972535e-02	-9.994106e-03	-9.730635e-03
2.877389723905519e-02	-9.887486e-03	-9.625806e-03
2.880385596095283e-02	-9.432914e-03	-9.181879e-03
2.885205255887766e-02	-8.013695e-03	-7.798805e-03
2.890088068387766e-02	-5.832996e-03	-5.675411e-03
2.894970880887766e-02	-3.107565e-03	-3.022662e-03
2.904736505887766e-02	2.932298e-03	2.853933e-03
2.909619318387766e-02	5.682681e-03	5.528977e-03
2.914502130887766e-02	7.902371e-03	7.687018e-03
2.919384943387766e-02	9.384074e-03	9.126417e-03
2.924267755887766e-02	9.989418e-03	9.712663e-03
2.926227676135655e-02	9.970264e-03	9.692840e-03
2.928498283067073e-02	9.759403e-03	9.486263e-03
2.932178662668107e-02	8.999905e-03	8.745013e-03
2.937061475168107e-02	7.263191e-03	7.052469e-03
2.941944287668107e-02	4.848182e-03	4.700581e-03
2.946827100168107e-02	1.980412e-03	1.909088e-03
2.951709912668107e-02	-1.072304e-03	-1.061250e-03
2.956592725168107e-02	-4.024880e-03	-3.933031e-03
2.961475537668107e-02	-6.601581e-03	-6.438116e-03
2.966358350168107e-02	-8.561775e-03	-8.342658e-03
2.971241162668107e-02	-9.722401e-03	-9.468903e-03
2.975081015185479e-02	-9.999870e-03	-9.736486e-03
2.976631918307955e-02	-9.947478e-03	-9.684576e-03
2.979155487032518e-02	-9.661074e-03	-9.404482e-03
2.983236891823917e-02	-8.690393e-03	-8.458005e-03
2.988119704323917e-02	-6.790450e-03	-6.607525e-03
2.993002516823917e-02	-4.256362e-03	-4.140681e-03
2.997885329323917e-02	-1.324781e-03	-1.287749e-03
3.002768141823917e-02	1.730519e-03	1.684897e-03
3.007650954323917e-02	4.624209e-03	4.499640e-03
3.012533766823917e-02	7.086054e-03	6.893552e-03
3.017416579323917e-02	8.886147e-03	8.642969e-03
3.022299391823917e-02	9.856381e-03	9.584416e-03
3.025488102912508e-02	9.995298e-03	9.717690e-03
3.027294738944234e-02	9.896236e-03	9.620191e-03
3.030231575529685e-02	9.464597e-03	9.198382e-03
3.034959795246924e-02	8.104992e-03	7.872696e-03
3.039842607746924e-02	5.957569e-03	5.780854e-03
3.044725420246924e-02	3.253781e-03	3.148485e-03
3.049608232746924e-02	2.461298e-04	2.215057e-04
3.054491045246924e-02	-2.784508e-03	-2.726702e-03
3.059373857746924e-02	-5.555105e-03	-5.420837e-03
3.064256670246924e-02	-7.806924e-03	-7.609382e-03
3.069139482746924e-02	-9.329670e-03	-9.088060e-03
3.074022295246924e-02	-9.981137e-03	-9.718874e-03
3.076136218956513e-02	-9.974527e-03	-9.711151e-03
3.078349520115060e-02	-9.779356e-03	-9.519975e-03
3.081938584152292e-02	-9.064633e-03	-8.822697e-03
3.086821396652292e-02	-7.366045e-03	-7.167968e-03
3.091704209152292e-02	-4.979558e-03	-4.844560e-03
3.096587021652292e-02	-2.128039e-03	-2.069351e-03
3.101469834152292e-02	9.222118e-04	8.985581e-04
3.106352646652292e-02	3.886340e-03	3.782011e-03
3.111235459152292e-02	6.487531e-03	6.311676e-03
3.116118271652292e-02	8.482864e-03	8.251219e-03
3.121001084152292e-02	9.686001e-03	9.419404e-03
3.124987323226126e-02	9.999997e-03	9.722603e-03
3.126495288277219e-02	9.955898e-03	9.678774e-03
3.128933424045111e-02	9.696150e-03	9.424524e-03
3.132879784565448e-02	8.799205e-03	8.549392e-03
3.137762597065448e-02	6.953442e-03	6.750813e-03
3.142645409565448e-02	4.458311e-03	4.321084e-03
3.147528222065447e-02	1.546828e-03	1.487211e-03
3.152411034565447e-02	-1.509110e-03	-1.486099e-03
3.157293847065447e-02	-4.424116e-03	-4.321171e-03
3.162176659565447e-02	-6.925962e-03	-6.753304e-03
3.167059472065446e-02	-8.781007e-03	-8.555469e-03
3.171942284565446e-02	-9.816012e-03	-9.559468e-03
3.175351706660033e-02	-9.997559e-03	-9.733994e-03
3.177072672486533e-02	-9.915321e-03	-9.652954e-03
3.179871293014611e-02	-9.535244e-03	-9.281593e-03
3.184384451777704e-02	-8.311396e-03	-8.088676e-03
3.189267264277704e-02	-6.243957e-03	-6.075375e-03
3.194150076777703e-02	-3.593409e-03	-3.495373e-03
3.199032889277703e-02	-6.072797e-04	-5.895230e-04
3.203915701777703e-02	2.435562e-03	2.370846e-03
3.208798514277703e-02	5.250952e-03	5.109250e-03
3.213681326777702e-02	7.575966e-03	7.369877e-03
3.218564139277702e-02	9.193476e-03	8.941509e-03
3.223446951777702e-02	9.952428e-03	9.677278e-03
3.225921212878015e-02	9.983254e-03	9.705784e-03
3.227999704856373e-02	9.822907e-03	9.548480e-03
3.231373335842425e-02	9.208863e-03	8.948931e-03
3.236256148342424e-02	7.601550e-03	7.382224e-03
3.241138960842424e-02	5.284345e-03	5.125371e-03
3.246021773342424e-02	2.473646e-03	2.389239e-03
3.250904585842423e-02	-5.680621e-04	-5.705767e-04
3.255787398342423e-02	-3.556720e-03	-3.477643e-03
3.260670210842423e-02	-6.213223e-03	-6.060518e-03
3.265553023342423e-02	-8.289486e-03	-8.078085e-03
3.270435835842422e-02	-9.591611e-03	-9.342035e-03
3.274764438873314e-02	-9.998905e-03	-9.735625e-03
3.276412440890587e-02	-9.960647e-03	-9.697402e-03
3.278798739206031e-02	-9.716504e-03	-9.458494e-03
3.282662959461414e-02	-8.863115e-03	-8.626204e-03
3.287545771961414e-02	-7.050703e-03	-6.860817e-03
3.292428584461413e-02	-4.579840e-03	-4.455412e-03
3.297311396961413e-02	-1.681276e-03	-1.634527e-03
3.302194209461413e-02	1.374299e-03	1.338464e-03
3.307077021961412e-02	4.301531e-03	4.185920e-03
3.311959834461412e-02	6.827053e-03	6.641864e-03
3.316842646961412e-02	8.715009e-03	8.476840e-03
3.321725459461412e-02	9.789090e-03	9.519383e-03
3.325268428904268e-02	9.998578e-03	9.721130e-03
3.326937079763052e-02	9.926025e-03	9.649511e-03
3.329651180192682e-02	9.576003e-03	9.307254e-03
3.334032181656727e-02	8.432427e-03	8.191927e-03
3.338914994156727e-02	6.415302e-03	6.226745e-03
3.343797806656727e-02	3.799066e-03	3.679386e-03
3.348680619156726e-02	8.280423e-04	7.878352e-04
3.353563431656726e-02	-2.220311e-03	-2.177824e-03
3.358446244156726e-02	-5.061313e-03	-4.940649e-03
3.363329056656725e-02	-7.429650e-03	-7.242698e-03
3.368211869156725e-02	-9.104148e-03	-8.869094e-03
3.373094681656725e-02	-9.928428e-03	-9.668048e-03
3.375788971021165e-02	-9.987716e-03	-9.724074e-03
3.377784493123626e-02	-9.847344e-03	-9.586328e-03
3.381025130020029e-02	-9.291940e-03	-9.044194e-03
3.385907942520028e-02	-7.741873e-03	-7.533859e-03
3.390790755020028e-02	-5.468808e-03	-5.320688e-03
3.395673567520028e-02	-2.685022e-03	-2.611256e-03
3.400556380020028e-02	3.495127e-04	3.414846e-04
3.405439192520027e-02	3.351407e-03	3.261807e-03
3.410322005020027e-02	6.040320e-03	5.876946e-03
3.415204817520027e-02	8.165141e-03	7.942592e-03
3.420087630020027e-02	9.527436e-03	9.265732e-03
3.424625388629873e-02	9.997230e-03	9.720244e-03
3.426360742162567e-02	9.963472e-03	9.686344e-03
3.428714680423726e-02	9.728855e-03	9.456600e-03
3.432527549552530e-02	8.902193e-03	8.649926e-03
3.437410362052530e-02	7.110781e-03	6.904194e-03
3.442293174552530e-02	4.655307e-03	4.512991e-03
3.447175987052530e-02	1.765084e-03	1.699726e-03
3.452058799552529e-02	-1.289977e-03	-1.272812e-03
3.456941612052529e-02	-4.224570e-03	-4.127018e-03
3.461824424552529e-02	-6.764638e-03	-6.596400e-03
3.466707237052528e-02	-8.672971e-03	-8.450448e-03
3.471590049552528e-02	-9.771354e-03	-9.516120e-03
3.475216230166698e-02	-9.999077e-03	-9.735437e-03
3.476852087407749e-02	-9.932366e-03	-9.669550e-03
3.479513163552258e-02	-9.600626e-03	-9.345282e-03
3.483811016154193e-02	-8.506307e-03	-8.278448e-03
3.488693828654193e-02	-6.521278e-03	-6.345253e-03
3.493576641154193e-02	-3.927238e-03	-3.820156e-03
3.498459453654192e-02	-9.664430e-04	-9.388776e-04
3.503342266154192e-02	2.084607e-03	2.029555e-03
3.508225078654192e-02	4.940979e-03	4.807911e-03
3.513107891154191e-02	7.335924e-03	7.136655e-03
3.517990703654191e-02	9.045782e-03	8.798206e-03
3.522873516154191e-02	9.910873e-03	9.637298e-03
3.525705653563535e-02	9.990172e-03	9.712764e-03
3.527648883522386e-02	9.861818e-03	9.586674e-03
3.530805552944714e-02	9.342046e-03	9.078980e-03
3.535688365444714e-02	7.828459e-03	7.603425e-03
3.540571177944714e-02	5.583789e-03	5.417063e-03
3.545453990444714e-02	2.817660e-03	2.724182e-03
3.555219615444713e-02	-3.221106e-03	-3.151134e-03
3.560102427944713e-02	-5.929796e-03	-5.784893e-03
3.564985240444712e-02	-8.084715e-03	-7.879061e-03
3.569868052944712e-02	-9.484620e-03	-9.238174e-03
3.574536962920200e-02	-9.995768e-03	-9.732599e-03
3.576327856656909e-02	-9.965216e-03	-9.701783e-03
3.578661206011886e-02	-9.736572e-03	-9.477980e-03
3.582441374199655e-02	-8.926728e-03	-8.688087e-03
3.587324186699655e-02	-7.148746e-03	-6.956172e-03
3.592206999199655e-02	-4.703159e-03	-4.575329e-03
3.597089811699655e-02	-1.818353e-03	-1.767800e-03
3.601972624199654e-02	1.236265e-03	1.204290e-03
3.606855436699654e-02	4.175432e-03	4.063387e-03
3.611738249199654e-02	6.724663e-03	6.542430e-03
3.616621061699653e-02	8.645891e-03	8.409807e-03
3.621503874199653e-02	9.759698e-03	9.491025e-03
3.625182930941753e-02	9.999339e-03	9.722038e-03
3.626797867311561e-02	9.936264e-03	9.659676e-03
3.629425099703394e-02	9.615961e-03	9.346387e-03
3.633669787419980e-02	8.552627e-03	8.309203e-03
3.638552599919979e-02	6.588292e-03	6.395342e-03
3.643435412419979e-02	4.008690e-03	3.883563e-03
3.648318224919979e-02	1.054725e-03	1.008529e-03
3.653201037419979e-02	-1.997739e-03	-1.961215e-03
3.658083849919978e-02	-4.863637e-03	-4.748339e-03
3.662966662419978e-02	-7.275331e-03	-7.092629e-03
3.667849474919978e-02	-9.007597e-03	-8.775261e-03
3.672732287419977e-02	-9.898663e-03	-9.639198e-03
3.675652316978616e-02	-9.991602e-03	-9.727824e-03
3.677562065080726e-02	-9.870708e-03	-9.609072e-03
3.680664914265707e-02	-9.373204e-03	-9.123328e-03
3.685547726765707e-02	-7.883135e-03	-7.671329e-03
3.690430539265706e-02	-5.656877e-03	-5.503651e-03
3.695313351765706e-02	-2.902335e-03	-2.822624e-03
3.705078976765706e-02	3.137326e-03	3.053680e-03
3.709961789265705e-02	5.858412e-03	5.700173e-03
3.714844601765705e-02	8.032395e-03	7.813698e-03
3.719727414265705e-02	9.456247e-03	9.196772e-03
3.724480011112374e-02	9.994663e-03	9.717949e-03
3.726306671643325e-02	9.966317e-03	9.689259e-03
3.728626755628176e-02	9.741485e-03	9.469058e-03
3.732385842887669e-02	8.942399e-03	8.689245e-03
3.737268655387668e-02	7.173101e-03	6.965016e-03
3.742151467887668e-02	4.733921e-03	4.589645e-03
3.747034280387668e-02	1.852651e-03	1.785061e-03
3.751917092887667e-02	-1.201634e-03	-1.186756e-03
3.756799905387667e-02	-4.143702e-03	-4.048266e-03
3.761682717887667e-02	-6.698797e-03	-6.532294e-03
3.766565530387667e-02	-8.628307e-03	-8.406960e-03
3.771448342887666e-02	-9.752036e-03	-9.497298e-03
3.775161439204069e-02	-9.999486e-03	-9.735754e-03
3.776762872708116e-02	-9.938719e-03	-9.675669e-03
3.779368254775502e-02	-9.625702e-03	-9.369643e-03
3.783578580001273e-02	-8.582182e-03	-8.352259e-03
3.788461392501272e-02	-6.631295e-03	-6.452255e-03
3.793344205001272e-02	-4.061125e-03	-3.950350e-03
3.798227017501272e-02	-1.111695e-03	-1.080098e-03
3.803109830001272e-02	1.941554e-03	1.890506e-03
3.807992642501271e-02	4.813485e-03	4.684032e-03
3.812875455001271e-02	7.235895e-03	7.039529e-03
3.817758267501271e-02	8.982560e-03	8.736920e-03
3.822641080001270e-02	9.890362e-03	9.617589e-03
3.825617812504094e-02	9.992466e-03	9.715164e-03
3.827505898066637e-02	9.876303e-03	9.600972e-03
3.830573902848757e-02	9.392977e-03	9.128793e-03
3.835456715348757e-02	7.918190e-03	7.690973e-03
3.840339527848757e-02	5.703939e-03	5.534176e-03
3.845222340348756e-02	2.957010e-03	2.859929e-03
3.854987965348756e-02	-3.082978e-03	-3.016681e-03
3.859870777848756e-02	-5.811973e-03	-5.670242e-03
3.864753590348755e-02	-7.998201e-03	-7.794901e-03
3.869636402848755e-02	-9.437493e-03	-9.192351e-03
3.874443020976321e-02	-9.993877e-03	-9.730704e-03
3.876292909788510e-02	-9.967022e-03	-9.703447e-03
3.878604375765104e-02	-9.744652e-03	-9.485760e-03
3.882349762628939e-02	-8.952523e-03	-8.713114e-03
3.887232575128939e-02	-7.188878e-03	-6.995136e-03
3.892115387628939e-02	-4.753878e-03	-4.624583e-03
3.896998200128939e-02	-1.874924e-03	-1.822735e-03
3.901881012628938e-02	1.179126e-03	1.148813e-03
3.906763825128938e-02	4.123059e-03	4.012562e-03
3.911646637628938e-02	6.681948e-03	6.501014e-03
3.916529450128937e-02	8.616825e-03	8.381682e-03
3.921412262628937e-02	9.746994e-03	9.478828e-03
3.925147461002784e-02	9.999570e-03	9.722398e-03
3.926740112157775e-02	9.940289e-03	9.663742e-03
3.929331279861668e-02	9.631973e-03	9.362139e-03
3.933519235340060e-02	8.601261e-03	8.356726e-03
3.938402047840060e-02	6.659159e-03	6.464479e-03
3.943284860340059e-02	4.095171e-03	3.967864e-03
3.948167672840059e-02	1.148743e-03	1.100131e-03
3.953050485340059e-02	-1.904963e-03	-1.870857e-03
3.957933297840058e-02	-4.780768e-03	-4.667652e-03
3.962816110340058e-02	-7.210108e-03	-7.029135e-03
3.967698922840058e-02	-8.966111e-03	-8.734874e-03
3.972581735340058e-02	-9.884787e-03	-9.625679e-03
3.975595336030992e-02	-9.993005e-03	-9.729110e-03
3.977469309465566e-02	-9.879882e-03	-9.617938e-03
3.980514605198798e-02	-9.405695e-03	-9.154906e-03
3.985397417698797e-02	-7.940890e-03	-7.727469e-03
3.990280230198797e-02	-5.734502e-03	-5.579105e-03
3.995163042698797e-02	-2.992581e-03	-2.910336e-03
4.004928667698796e-02	3.047513e-03	2.966430e-03
4.009811480198796e-02	5.781614e-03	5.625605e-03
4.014694292698796e-02	7.975781e-03	7.758790e-03
4.019577105198795e-02	9.425108e-03	9.166665e-03
4.024418862329474e-02	9.993334e-03	9.716806e-03
4.026283920763959e-02	9.967479e-03	9.690518e-03
4.028589757266735e-02	9.746710e-03	9.474278e-03
4.032326192650483e-02	8.959112e-03	8.705655e-03
4.037209005150483e-02	7.199164e-03	6.990519e-03
4.042091817650482e-02	4.766902e-03	4.621868e-03
4.046974630150482e-02	1.889469e-03	1.821004e-03
4.051857442650482e-02	-1.164418e-03	-1.150439e-03
4.056740255150482e-02	-4.109562e-03	-4.014956e-03
4.061623067650481e-02	-6.670923e-03	-6.505089e-03
4.066505880150481e-02	-8.609300e-03	-8.388390e-03
4.071388692650481e-02	-9.743673e-03	-9.489086e-03
4.075138323333800e-02	-9.999623e-03	-9.735787e-03
4.076725233353518e-02	-9.941305e-03	-9.678094e-03
4.079307107774747e-02	-9.636044e-03	-9.379625e-03
4.083480431340114e-02	-8.613673e-03	-8.382828e-03
4.088363243840114e-02	-6.677328e-03	-6.496962e-03
4.093246056340114e-02	-4.117402e-03	-4.005010e-03
4.098128868840113e-02	-1.172960e-03	-1.139598e-03
4.103011681340113e-02	1.881022e-03	1.831732e-03
4.107894493840113e-02	4.759340e-03	4.631485e-03
4.112777306340112e-02	7.193192e-03	6.998129e-03
4.117660118840112e-02	8.955288e-03	8.710545e-03
4.122542931340112e-02	9.881067e-03	9.608716e-03
4.125580627876544e-02	9.993346e-03	9.716156e-03
4.127445366211344e-02	9.882195e-03	9.606855e-03
4.130475796917154e-02	9.413948e-03	9.149371e-03
4.135348864003495e-02	7.959396e-03	7.731237e-03
4.140231676503495e-02	5.759468e-03	5.588362e-03
4.145114489003494e-02	3.021676e-03	2.922984e-03
4.154880114003494e-02	-3.018443e-03	-2.953805e-03
4.159762926503494e-02	-5.756696e-03	-5.616392e-03
4.164645739003493e-02	-7.957342e-03	-7.755096e-03
4.169528551503493e-02	-9.414869e-03	-9.170294e-03
4.174399046391408e-02	-9.992872e-03	-9.729641e-03
4.176276546961653e-02	-9.967851e-03	-9.704151e-03
4.178577765349002e-02	-9.748393e-03	-9.489302e-03
4.182306856201974e-02	-8.964502e-03	-8.724677e-03
4.187189668701974e-02	-7.207592e-03	-7.013247e-03
4.192072481201974e-02	-4.777579e-03	-4.647540e-03
4.196955293701973e-02	-1.901398e-03	-1.848385e-03
4.201838106201973e-02	1.152350e-03	1.122876e-03
4.206720918701973e-02	4.098483e-03	3.988771e-03
4.211603731201972e-02	6.661867e-03	6.481601e-03
4.216486543701972e-02	8.603114e-03	8.368472e-03
4.221369356201972e-02	9.740933e-03	9.473066e-03
4.225130823247678e-02	9.999662e-03	9.722609e-03
4.226713020992803e-02	9.942132e-03	9.665663e-03
4.229287266881797e-02	9.639369e-03	9.369475e-03
4.233448575694566e-02	8.623823e-03	8.378831e-03
4.238331388194566e-02	6.692214e-03	6.496787e-03
4.243214200694566e-02	4.135634e-03	4.007367e-03
4.248097013194566e-02	1.192835e-03	1.143148e-03
4.252979825694565e-02	-1.861360e-03	-1.828332e-03
4.257862638194565e-02	-4.741727e-03	-4.629580e-03
4.262745450694565e-02	-7.179273e-03	-6.999059e-03
4.267628263194564e-02	-8.946363e-03	-8.715592e-03
4.272511075694564e-02	-9.877970e-03	-9.618978e-03
4.275568546580219e-02	-9.993620e-03	-9.729613e-03
4.277425698959230e-02	-9.884079e-03	-9.621935e-03
4.280443916775611e-02	-9.420685e-03	-9.169416e-03
4.285298120137675e-02	-7.978656e-03	-7.764142e-03
4.290180932637674e-02	-5.785503e-03	-5.628642e-03
4.295063745137674e-02	-3.052053e-03	-2.968103e-03
4.304829370137674e-02	2.988032e-03	2.908682e-03
4.309712182637673e-02	5.730596e-03	5.576105e-03
4.314594995137673e-02	7.937992e-03	7.722173e-03
4.319477807637673e-02	9.404075e-03	9.146364e-03
4.324360620137672e-02	9.991932e-03	9.715587e-03
4.326262246301998e-02	9.968567e-03	9.691701e-03
4.328554507884915e-02	9.751639e-03	9.479208e-03
4.332269350943889e-02	8.974920e-03	8.721182e-03
4.337152163443889e-02	7.223906e-03	7.014734e-03
4.342034975943888e-02	4.798268e-03	4.652517e-03
4.346917788443888e-02	1.924528e-03	1.855235e-03
4.351800600943888e-02	-1.128939e-03	-1.115813e-03
4.356683413443888e-02	-4.076977e-03	-3.983157e-03
4.361566225943887e-02	-6.644274e-03	-6.479077e-03
4.366449038443887e-02	-8.591076e-03	-8.370581e-03
4.371331850943887e-02	-9.735576e-03	-9.481132e-03
4.375116266438899e-02	-9.999733e-03	-9.735798e-03
4.376689318147204e-02	-9.943721e-03	-9.680354e-03
4.379248756095135e-02	-9.645781e-03	-9.389020e-03
4.383386732719056e-02	-8.643430e-03	-8.411711e-03
4.388269545219056e-02	-6.721037e-03	-6.539407e-03
4.393152357719056e-02	-4.170981e-03	-4.057047e-03
4.398035170219056e-02	-1.231405e-03	-1.196357e-03
4.402917982719055e-02	1.823168e-03	1.775561e-03
4.407800795219055e-02	4.707480e-03	4.581159e-03
4.412683607719055e-02	7.152170e-03	6.958360e-03
4.417566420219055e-02	8.928934e-03	8.685060e-03
4.422449232719054e-02	9.871843e-03	9.599905e-03
4.425545074663332e-02	9.994136e-03	9.717057e-03
4.427387488227967e-02	9.887695e-03	9.612354e-03
4.430381971490475e-02	9.433669e-03	9.168728e-03
4.435199482939139e-02	8.015865e-03	7.786374e-03
4.440082295439139e-02	5.835942e-03	5.662942e-03
4.444965107939139e-02	3.111013e-03	3.010050e-03
4.454730732939138e-02	-2.928830e-03	-2.866538e-03
4.459613545439138e-02	-5.679696e-03	-5.541428e-03
4.464496357939138e-02	-7.900148e-03	-7.699420e-03
4.469379170439138e-02	-9.382820e-03	-9.139094e-03
4.474261982939137e-02	-9.989250e-03	-9.726091e-03
4.476225526568960e-02	-9.970368e-03	-9.706520e-03
4.478494786896942e-02	-9.759882e-03	-9.500416e-03
4.482173022589078e-02	-9.001449e-03	-8.760578e-03
4.487055835089077e-02	-7.265626e-03	-7.069649e-03
4.491938647589077e-02	-4.851282e-03	-4.719169e-03
4.496821460089077e-02	-1.983886e-03	-1.928544e-03
4.501704272589076e-02	1.068781e-03	1.041683e-03
4.506587085089076e-02	4.021636e-03	3.914136e-03
4.511469897589076e-02	6.598919e-03	6.420509e-03
4.516352710089076e-02	8.559943e-03	8.326638e-03
4.521235522589075e-02	9.721572e-03	9.454413e-03
4.525078820351192e-02	9.999878e-03	9.722960e-03
4.526628344436001e-02	9.947707e-03	9.671250e-03
4.529149679398904e-02	9.662015e-03	9.391706e-03
4.533227558650310e-02	8.693293e-03	8.446664e-03
4.538110371150310e-02	6.794754e-03	6.596772e-03
4.542993183650310e-02	4.261668e-03	4.130173e-03
4.547875996150309e-02	1.330593e-03	1.277313e-03
4.552758808650309e-02	-1.724743e-03	-1.695329e-03
4.557641621150309e-02	-4.619009e-03	-4.510147e-03
4.562524433650308e-02	-7.081915e-03	-6.904336e-03
4.567407246150308e-02	-8.883456e-03	-8.654410e-03
4.572290058650308e-02	-9.855390e-03	-9.597036e-03
4.575484549433244e-02	-9.995366e-03	-9.731253e-03
4.577288953790385e-02	-9.896758e-03	-9.634241e-03
4.580222193078753e-02	-9.466498e-03	-9.213995e-03
4.584944832696596e-02	-8.110495e-03	-7.892448e-03
4.589827645196596e-02	-5.965118e-03	-5.803387e-03
4.594710457696596e-02	-3.262670e-03	-3.172964e-03
4.599593270196595e-02	-2.555281e-04	-2.467454e-04
4.604476082696595e-02	2.775477e-03	2.702031e-03
4.609358895196595e-02	5.547286e-03	5.397956e-03
4.614241707696595e-02	7.801045e-03	7.589180e-03
4.619124520196594e-02	9.326281e-03	9.070966e-03
4.624007332696594e-02	9.980556e-03	9.704840e-03
4.626130639647650e-02	9.974777e-03	9.697935e-03
4.628340444108843e-02	9.780546e-03	9.507578e-03
4.631923931008535e-02	9.068517e-03	8.812569e-03
4.636806743508535e-02	7.372269e-03	7.159375e-03
4.641689556008535e-02	4.987540e-03	4.836907e-03
4.646572368508534e-02	2.137035e-03	2.062159e-03
4.651455181008534e-02	-9.130438e-04	-9.056728e-04
4.656337993508534e-02	-3.877855e-03	-3.789414e-03
4.661220806008533e-02	-6.480522e-03	-6.319808e-03
4.666103618508533e-02	-8.477985e-03	-8.260642e-03
4.670986431008533e-02	-9.683708e-03	-9.430773e-03
4.674981586775206e-02	-9.999993e-03	-9.736024e-03
4.676493156142974e-02	-9.956024e-03	-9.692330e-03
4.678929958151186e-02	-9.696682e-03	-9.438610e-03
4.682874207097177e-02	-8.800870e-03	-8.565018e-03
4.687757019597177e-02	-6.955960e-03	-6.768038e-03
4.692639832097176e-02	-4.461448e-03	-4.339652e-03
4.697522644597176e-02	-1.550290e-03	-1.506542e-03
4.702405457097176e-02	1.505646e-03	1.466771e-03
4.707288269597176e-02	4.420972e-03	4.302615e-03
4.712171082097175e-02	6.923434e-03	6.736094e-03
4.717053894597175e-02	8.779330e-03	8.539850e-03
4.721936707097175e-02	9.815343e-03	9.545333e-03
4.725349569024147e-02	9.997588e-03	9.720643e-03
4.727069192060353e-02	9.915604e-03	9.639816e-03
4.729865644258938e-02	9.536313e-03	9.269028e-03
4.734375418566557e-02	8.314550e-03	8.077562e-03
4.739258231066557e-02	6.248389e-03	6.064711e-03
4.744141043566557e-02	3.598705e-03	3.484872e-03
4.749023856066557e-02	6.129449e-04	5.790601e-04
4.753906668566556e-02	-2.430057e-03	-2.381313e-03
4.758789481066556e-02	-5.246121e-03	-5.119803e-03
4.763672293566556e-02	-7.572260e-03	-7.380744e-03
4.768555106066556e-02	-9.191242e-03	-8.953098e-03
4.773437918566555e-02	-9.951873e-03	-9.690124e-03
4.775917828242773e-02	-9.983376e-03	-9.719252e-03
4.777994197140419e-02	-9.823555e-03	-9.562539e-03
4.781364428699067e-02	-9.211043e-03	-8.964790e-03
4.786247241199067e-02	-7.605185e-03	-7.400215e-03
4.791130053699066e-02	-5.289095e-03	-5.145226e-03
4.796012866199066e-02	-2.479068e-03	-2.410308e-03
4.800895678699066e-02	5.624745e-04	5.492046e-04
4.805778491199066e-02	3.551489e-03	3.456949e-03
4.810661303699065e-02	6.208837e-03	6.041331e-03
4.815544116199065e-02	8.286354e-03	8.060909e-03
4.820426928699065e-02	9.590027e-03	9.326973e-03
4.824760899254173e-02	9.998872e-03	9.722282e-03
4.826411125032472e-02	9.960719e-03	9.684157e-03
4.828796599820526e-02	9.716823e-03	9.445363e-03
4.832659513946882e-02	8.864117e-03	8.613320e-03
4.837542326446882e-02	7.052238e-03	6.847688e-03
4.842425138946881e-02	4.581764e-03	4.441913e-03
4.847307951446881e-02	1.683410e-03	1.620764e-03
4.852190763946881e-02	-1.372155e-03	-1.352233e-03
4.857073576446880e-02	-4.299577e-03	-4.199434e-03
4.861956388946880e-02	-6.825470e-03	-6.655002e-03
4.866839201446880e-02	-8.713948e-03	-8.489717e-03
4.871722013946880e-02	-9.788647e-03	-9.532343e-03
4.875267102562898e-02	-9.998592e-03	-9.734414e-03
4.876934920174761e-02	-9.926189e-03	-9.662971e-03
4.879647673721696e-02	-9.576637e-03	-9.321350e-03
4.884026565349372e-02	-8.434324e-03	-8.207797e-03
4.888909377849372e-02	-6.418009e-03	-6.244191e-03
4.893792190349371e-02	-3.802330e-03	-3.698068e-03
4.898675002849371e-02	-8.315589e-04	-8.071124e-04
4.903557815349371e-02	2.216869e-03	2.158740e-03
4.908440627849370e-02	5.058269e-03	4.922499e-03
4.913323440349370e-02	7.427288e-03	7.225989e-03
4.918206252849370e-02	9.102687e-03	8.853987e-03
4.923089065349370e-02	9.928006e-03	9.654361e-03
4.925786858212649e-02	9.987781e-03	9.710907e-03
4.927781054424815e-02	9.847720e-03	9.573394e-03
4.931019563665257e-02	9.293233e-03	9.031874e-03
4.935902376165256e-02	7.744086e-03	7.521734e-03
4.940785188665256e-02	5.471735e-03	5.308471e-03
4.945668001165256e-02	2.688391e-03	2.598882e-03
4.950550813665255e-02	-3.460174e-04	-3.539136e-04
4.955433626165255e-02	-3.348111e-03	-3.274133e-03
4.960316438665255e-02	-6.037532e-03	-5.889103e-03
4.965199251165255e-02	-8.163121e-03	-7.954706e-03
4.970082063665254e-02	-9.526372e-03	-9.278147e-03
4.974623154256230e-02	-9.997196e-03	-9.733417e-03
4.976359911296090e-02	-9.963517e-03	-9.699593e-03
4.978713329414183e-02	-9.729052e-03	-9.470116e-03
4.982525372686783e-02	-8.902816e-03	-8.664263e-03
4.987408185186783e-02	-7.111742e-03	-6.919621e-03
4.992290997686782e-02	-4.656517e-03	-4.529412e-03
4.997173810186782e-02	-1.766430e-03	-1.716756e-03
5.000000000000000e-02	1.964387e-17	2.024414e-06
